0.348902106 -0.4356954400394744 -0.7296877496315838 -0.4666188093621655 -0.24493296698451858
2.840905223 0.985285166992505 0.16430491471244124 0.023839860405245997 -0.04060413478634039
2.940940548 0.9853042152831996 0.1641939688917141 0.023796685111035012 -0.040616027654999186
2.980880873 0.9853037934654019 0.16419412282038906 0.023767169231763568 -0.040642911813014514
3.020921444 0.9853158649982284 0.1641219847018446 0.023811859648920086 -0.04061546085397198
3.060806607 0.9853200171989464 0.16409552325800306 0.023753364761120603 -0.04065588046365967
3.094182796 0.9853113682898431 0.16413844056344992 0.023775992955312006 -0.040679011875720116
3.140741093 0.9853134499384485 0.16413807924517868 0.023811269357732166 -0.040609355617512014
3.174100868 0.9853168779765032 0.1641063492898784 0.023796331308722808 -0.04066313703627396
3.220778055 0.9853125499732918 0.1641419443856625 0.023830215844654758 -0.040604455066173294
3.254120942 0.9853098084731968 0.16416239402055197 0.02382670977972763 -0.040590363598100546
3.294088209 0.9853025510937283 0.16419113503932145 0.023801199233276917 -0.04066518040963326
3.334060235 0.9853098195315927 0.16414886959635983 0.02384750355330041 -0.04063255737869505
3.380625549 0.985310054796165 0.1641402492403776 0.02384175793581485 -0.040665035047510144
3.420706851 0.9853104651818484 0.16413543840651545 0.023845847280166976 -0.04067211120315074
3.460712347 0.9853146416011264 0.16411658877879123 0.0238466661689686 -0.040646510879570205
3.500601963 0.9853042427759772 0.16417639969873568 0.023822781326276406 -0.040671046697861764
3.5340222 0.9853065081088008 0.16417443793909373 0.02384323571829522 -0.040612056292509906
3.575441705 0.9853038562374972 0.16419733032436715 0.023796804124530026 -0.040611078677216556
3.613928887 0.985299182746766 0.16421471299933524 0.02379647377069145 -0.04065435215548168
3.647274425 0.9853043788608662 0.1641903111111341 0.02384074605283244 -0.04060100445156835
3.693884874 0.9853008653989564 0.1642101362696045 0.023787970975359705 -0.040637030246572566
3.733916336 0.9853023823628575 0.16420022011133784 0.023812345506613396 -0.04062604124129479
3.773700636 0.9853042858783869 0.16418390479720205 0.02382620697664242 -0.04063768566652936
3.813734689 0.9853054878013366 0.16416789608476595 0.023834173546113512 -0.04066853544259213
3.847068766 0.9853127175359087 0.16412838234172586 0.023855499311177066 -0.04064034847913295
3.880410825 0.9853115232237962 0.16413426064313189 0.023853130020479108 -0.040646954052686195
3.920273092 0.9853023213575286 0.1641886560842991 0.02385128803642248 -0.040651405876068296
3.953653578 0.9853039622950325 0.16417277709047245 0.023874415888074228 -0.04066218653877902
3.987019633 0.9853088479875135 0.16414527816564928 0.02387167646408055 -0.040656423800366596
4.026938796 0.9853133330112738 0.16411779510068508 0.02387809661756731 -0.0406549089708281
4.073528512 0.9853125683337663 0.16411792036623915 0.023922525337409732 -0.04064681635330004
4.11359931 0.9853055382119719 0.16415952339435927 0.02392862123402333 -0.04064564347616838
4.153732685 0.9852999263282203 0.16419020550914884 0.02395895629926096 -0.04063988195747234
4.200182889 0.9853025643738855 0.16417151445022474 0.02396756257592201 -0.040646358084511267
4.240132991 0.9853047183939972 0.1641638599348999 0.023963714579769074 -0.040627323137757396
4.280054265 0.985302047459782 0.16417579755206754 0.02397103319424617 -0.040639541548896686
4.313456823 0.9853070286610512 0.16415044182787242 0.023982864475653065 -0.04061420847914397
4.353334323 0.9853069057901939 0.16414668210126168 0.02397051080850907 -0.0406396698913836
4.386820149 0.985307016350397 0.1641486159611904 0.023966675639840555 -0.04063143939708436
4.426782646 0.9853117790635479 0.1641279708000598 0.023976193787935994 -0.0405937109799553
4.466681209 0.9853080782291059 0.16415613495595394 0.023939815610334057 -0.0405911266329476
4.50002231 0.9853129110521581 0.16412889216061366 0.02394168840005053 -0.040582873587348176
4.540016799 0.9853097429469788 0.16414130528546061 0.0239248280265134 -0.04061951448313597
4.579867163 0.9853061925349363 0.16416435051498643 0.023930963699620455 -0.04060889002062505
4.613267964 0.985302837725334 0.1641844302206895 0.023936143613835822 -0.04060605709016337
4.646615306 0.9853116754063613 0.1641281321421142 0.023930352719377716 -0.04062261397517702
4.686552998 0.9853125863528291 0.16412432842903316 0.02392201852629789 -0.04062079543835941
4.726480123 0.9853144412910909 0.16411202662610047 0.02393313080384516 -0.040618958010088385
4.759879831 0.9853156917473291 0.16410522415544324 0.023920058672158528 -0.0406238082224521
4.799900515 0.9853140896210969 0.16411409768593996 0.02393103962595087 -0.040620352993296645
4.839779969 0.9853174476516975 0.16409245895336957 0.02393634180361772 -0.040623192991707684
4.886406318 0.9853143533291988 0.16410699193786693 0.023953755217702412 -0.04062927431715033
4.926329469 0.985315311650554 0.164106062759885 0.02395583124690288 -0.04060855749334641
4.959731254 0.9853133500968384 0.16411901093682305 0.02395374982231116 -0.04060505189646307
5.006420134 0.9853105522459572 0.16413331233192602 0.023951949812745402 -0.040616197703441694
5.046271318 0.985313282600326 0.1641189966121123 0.023945453194770507 -0.04061164061818453
5.079671066 0.985308261677645 0.16415450162039746 0.023933849423026225 -0.04059679690976285
5.11305495 0.9853065684449455 0.1641627492748781 0.0239146664475256 -0.04061584245664615
5.152931147 0.9853090231770419 0.1641503311035056 0.023902518744280263 -0.040613633698455054
5.19954147 0.985314215988685 0.16410829152739712 0.023915736150444258 -0.04064974768611021
5.232949248 0.9853143982781142 0.16410090209687417 0.023927501118469346 -0.04066823289811748
5.272911998 0.9853079878915028 0.16414202246766524 0.023914133834770358 -0.04066546028702396
5.30627581 0.9853056129992069 0.1641540141276375 0.023903703104850176 -0.04068072781939689
5.346166642 0.9853057252646309 0.164151223955608 0.023894499203172173 -0.040694672162888704
5.386163976 0.9853070833581355 0.16414658487341066 0.023892059110023695 -0.04068193296985224
5.419643272 0.9853072103111822 0.1641463617368828 0.02389523565695726 -0.040677892647466796
5.466130063 0.9853082647925044 0.16414392354360832 0.023896387172757973 -0.040661509752883046
5.506060771 0.98530773286747 0.1641520676647721 0.023885743444608466 -0.040647773531213106
5.552751654 0.985307073572084 0.16415907896855825 0.02386203330774854 -0.04064936564610156
5.592744958 0.985307907860142 0.16414568012809483 0.023880575602642933 -0.040672355629365636
5.632679054 0.9853061019035265 0.16416008986637515 0.02386332408083347 -0.04066807360269431
5.672612318 0.9853030687506823 0.16418168140633918 0.02386567707115779 -0.04065301537415025
5.706003853 0.9853047721398835 0.1641633041003155 0.02387948387502923 -0.04067782977374457
5.74597312 0.9853086793655189 0.1641371808482178 0.02386499842829929 -0.04069710161908251
5.785870751 0.9853033972370164 0.16417149055166386 0.023843417428441992 -0.04069924481574799
5.82599785 0.9853032165309074 0.16417054242553494 0.02383714406137407 -0.04071111711253928
5.872474608 0.985302371719495 0.1641701895815298 0.023845842409353918 -0.04072788892750364
5.906088381 0.9853024569653654 0.16417762007687003 0.023829622655137394 -0.04070536141619514
5.945852211 0.9852980275154232 0.16419228763746285 0.023835743620434634 -0.04074980957813243
5.979207719 0.9852975503723216 0.16419289306619933 0.023825813247160318 -0.040764711699772235
6.019032366 0.9852943015241574 0.16421905367372508 0.023819015853094715 -0.04074182468077872
6.052515388 0.9852950158050398 0.16421533061430607 0.023813894599515488 -0.04074255079132688
6.092317063 0.9852974780200047 0.1641922616117418 0.023843681224485935 -0.04075855615579484
6.125716206 0.9853043231937918 0.16414591432120584 0.023867255456462927 -0.040765961588745056
6.159184293 0.9853039838524773 0.164147409425601 0.023877646158772206 -0.04076205830447966
6.192744558 0.9853028746203243 0.1641546916662443 0.023880351245820462 -0.04075795987610418
6.246000646 0.9853012833157119 0.1641652501825837 0.023850412269338053 -0.04077143072647504
6.292220079 0.9852993200082462 0.16417324440889003 0.023841532997092296 -0.04079187561138807
